x=[1 4 8];
y=[2 1 5];
A=[3 1 6; 5 2 7];
A-3

