A=[1,2,3,4;5,6,7,8];
B=[2,3,4,6;6,3,6,8];
X=A+B